0 10 13 49 45 45 0 0
0 10 13 49 45 45 0 0
0 10 13 49 45 45 0 0
0 10 13 50 45 45 0 0
0 10 13 49 45 45 0 0
0 10 13 50 45 45 0 0
0 10 13 48 45 45 0 0
0 10 13 48 45 45 0 0
0 10 13 49 45 45 0 0
0 10 13 48 45 45 0 0
0 10 13 48 45 45 0 0
0 10 13 48 45 45 0 0
0 10 13 49 45 45 0 0
0 10 13 48 45 45 0 0
0 10 13 48 45 45 0 0
0 10 13 50 45 45 0 0
0 10 13 49 45 45 0 0
0 10 13 49 45 45 0 0
0 10 13 50 45 45 0 0
0 10 13 49 45 45 0 0
0 49 13 49 45 45 0 0
0 10 13 49 45 45 0 0
0 10 13 48 45 45 0 0
0 10 13 49 45 45 0 0
0 10 13 49 45 45 0 0
0 10 13 50 45 45 0 0
0 10 13 49 45 45 0 0
0 10 13 49 49 45 0 0
0 10 13 54 52 45 0 0
0 10 13 56 56 45 0 0
0 10 13 56 50 49 0 0
0 10 13 56 54 49 0 0
0 10 13 50 49 50 0 0
0 13 53 50 49 50 0 0
0 10 53 50 49 50 0 0
0 10 13 48 48 51 0 0
0 10 13 55 52 51 0 0
0 10 13 56 57 51 0 0
0 10 13 56 52 52 0 0
0 10 13 50 48 53 0 0
0 10 13 52 53 53 0 0
0 10 13 56 48 54 0 0
0 10 13 54 54 54 0 0
0 10 13 53 50 55 0 0
0 10 13 55 56 55 0 0
0 10 13 55 52 56 0 0
0 10 13 57 48 56 0 0
0 10 13 57 48 56 0 0
0 10 13 49 55 57 0 0
0 10 13 48 51 48 0 0
0 10 13 50 57 48 0 0
0 10 13 56 52 49 0 0
0 10 13 55 48 50 0 0
0 10 13 55 54 50 0 0
0 10 13 54 50 51 0 0
0 10 13 53 56 51 0 0
0 10 13 51 52 52 0 0
0 10 13 49 48 53 0 0
0 10 13 49 54 53 0 0
0 10 13 56 49 54 0 0
0 10 13 54 49 54 0 0
0 10 13 52 51 55 0 0
0 10 13 53 57 55 0 0
0 10 13 51 53 56 0 0
0 10 13 48 49 57 0 0
0 10 13 57 54 57 0 0
0 10 13 55 50 48 0 0
0 10 13 54 56 48 0 0
0 10 13 51 52 49 0 0
0 10 13 50 48 50 0 0
0 10 13 57 53 50 0 0
0 10 13 54 49 51 0 0
0 10 13 51 55 51 0 0
0 10 13 48 52 51 0 0
0 10 13 52 52 51 0 0
0 50 13 52 52 51 0 0
0 10 13 53 52 53 0 0
0 10 13 51 48 54 0 0
0 10 13 49 54 54 0 0
0 10 13 56 49 55 0 0
0 10 13 53 55 55 0 0
0 10 13 49 51 56 0 0
0 10 13 48 57 56 0 0
0 10 13 56 52 57 0 0
0 10 13 52 48 48 0 0
0 10 13 50 54 48 0 0
0 10 13 55 49 49 0 0
0 10 13 53 55 49 0 0
0 10 13 49 51 50 0 0
0 10 13 56 56 50 0 0
0 10 13 53 52 51 0 0
0 10 13 52 52 51 0 0
0 10 13 54 53 52 0 0
0 10 13 50 49 53 0 0
0 10 13 48 55 53 0 0
0 10 13 54 50 54 0 0
0 10 13 50 56 54 0 0
0 10 13 57 51 55 0 0
0 10 13 53 57 55 0 0
0 10 13 48 53 56 0 0
0 10 13 54 48 57 0 0
0 10 13 50 54 57 0 0
0 10 13 55 49 48 0 0
0 10 13 50 55 48 0 0
0 10 13 57 49 48 0 0
0 10 13 49 49 48 0 0
0 52 13 49 49 48 0 0
0 10 13 57 51 50 0 0
0 10 13 51 57 50 0 0
0 10 13 55 52 51 0 0
0 10 13 52 48 52 0 0
0 10 13 56 53 52 0 0
0 10 13 50 49 53 0 0
0 10 13 55 54 53 0 0
0 10 13 50 50 54 0 0
0 10 13 54 55 54 0 0
0 10 13 48 51 55 0 0
0 10 13 51 56 55 0 0
0 10 13 54 51 56 0 0
0 10 13 49 57 56 0 0
0 10 13 52 52 57 0 0
0 10 13 56 57 57 0 0
0 10 13 48 57 57 0 0
0 10 13 53 48 49 0 0
0 10 13 56 53 49 0 0
0 10 13 49 49 50 0 0
0 10 13 54 54 50 0 0
0 10 13 54 49 51 0 0
0 10 13 48 55 51 0 0
0 10 13 50 50 52 0 0
0 10 13 52 55 52 0 0
0 10 13 56 50 53 0 0
0 10 13 49 56 53 0 0
0 10 13 51 51 54 0 0
0 10 13 54 56 54 0 0
0 10 13 55 55 54 0 0
0 10 13 55 55 54 0 0
0 53 13 55 55 54 0 0
0 10 13 57 51 56 0 0
0 10 13 50 57 56 0 0
0 10 13 52 52 57 0 0
0 10 13 54 57 57 0 0
0 10 13 55 52 48 0 0
0 10 13 56 57 48 0 0
0 10 13 57 52 49 0 0
0 10 13 49 48 50 0 0
0 10 13 49 53 50 0 0
0 10 13 50 48 51 0 0
0 10 13 51 53 51 0 0
0 10 13 53 48 52 0 0
0 10 13 52 53 52 0 0
0 10 13 53 48 53 0 0
0 10 13 54 53 53 0 0
0 10 13 54 53 53 0 0
0 10 13 53 53 54 0 0
0 10 13 53 48 55 0 0
0 10 13 53 53 55 0 0
0 10 13 53 48 56 0 0
0 10 13 53 53 56 0 0
0 10 13 51 48 57 0 0
0 10 13 50 53 57 0 0
0 10 13 49 48 48 0 0
0 10 13 50 53 48 0 0
0 10 13 48 48 49 0 0
0 10 13 56 52 49 0 0
0 10 13 56 57 49 0 0
0 10 13 54 50 49 0 0
0 52 50 54 50 49 0 0
0 55 13 54 50 49 0 0
0 10 13 49 52 51 0 0
0 10 13 48 57 51 0 0
0 10 13 48 52 52 0 0
0 10 13 53 56 52 0 0
0 10 13 51 51 53 0 0
0 10 13 50 56 53 0 0
0 10 13 48 51 54 0 0
0 10 13 53 55 54 0 0
0 10 13 51 50 55 0 0
0 10 13 56 54 55 0 0
0 10 13 54 49 56 0 0
0 10 13 54 54 56 0 0
0 10 13 50 49 57 0 0
0 10 13 55 53 57 0 0
0 10 13 53 48 57 0 0
0 10 13 48 48 57 0 0
0 10 13 57 57 48 0 0
0 10 13 55 52 49 0 0
0 10 13 51 57 49 0 0
0 10 13 56 51 50 0 0
0 10 13 53 56 50 0 0
0 10 13 52 50 51 0 0
0 10 13 51 50 51 0 0
0 10 13 48 49 51 0 0
0 10 13 56 57 50 0 0
0 10 13 52 56 50 0 0
0 10 13 50 55 50 0 0
0 10 13 57 53 50 0 0
0 10 13 56 50 50 0 0
0 55 50 56 50 50 0 0
0 56 13 56 50 50 0 0
0 10 13 53 50 50 0 0
0 10 13 51 49 50 0 0
0 10 13 48 48 50 0 0
0 10 13 57 56 49 0 0
0 10 13 48 56 49 0 0
0 10 13 53 54 49 0 0
0 10 13 53 53 49 0 0
0 10 13 51 52 49 0 0
0 10 13 49 51 49 0 0
0 10 13 49 50 49 0 0
0 10 13 49 49 49 0 0
0 10 13 48 48 49 0 0
0 10 13 56 56 48 0 0
0 10 13 56 55 48 0 0
0 10 13 55 48 48 0 0
0 10 13 56 48 48 0 0
0 10 13 54 52 48 0 0
0 10 13 55 51 48 0 0
0 10 13 55 50 48 0 0
0 10 13 53 49 48 0 0
0 10 13 54 48 48 0 0
0 10 13 53 57 57 0 0
0 10 13 53 56 57 0 0
0 10 13 54 55 57 0 0
0 10 13 54 54 57 0 0
0 10 13 55 53 57 0 0
0 10 13 56 52 57 0 0
0 10 13 57 51 57 0 0
0 10 13 57 51 57 0 0
0 48 57 57 51 57 0 0
0 10 13 57 51 57 0 0
0 10 13 48 49 57 0 0
0 10 13 50 48 57 0 0
0 10 13 51 57 56 0 0
0 10 13 53 56 56 0 0
0 10 13 54 55 56 0 0
0 10 13 56 54 56 0 0
0 10 13 56 53 56 0 0
0 10 13 48 53 56 0 0
0 10 13 49 52 56 0 0
0 10 13 51 51 56 0 0
0 10 13 52 50 56 0 0
0 10 13 53 49 56 0 0
0 10 13 55 57 55 0 0
0 10 13 53 54 55 0 0
0 10 13 51 55 55 0 0
0 10 13 57 55 54 0 0
0 10 13 57 50 54 0 0
0 10 13 49 55 53 0 0
0 10 13 52 48 53 0 0
0 10 13 54 50 52 0 0
0 10 13 53 52 51 0 0
0 10 13 54 53 50 0 0
0 10 13 50 54 49 0 0
0 10 13 48 54 49 0 0
0 10 13 48 54 49 0 0
0 10 13 52 54 57 0 0
0 10 13 49 54 56 0 0
0 10 13 53 53 55 0 0
0 10 13 57 52 54 0 0
0 10 13 50 52 53 0 0
0 10 13 50 51 52 0 0
0 10 13 52 50 51 0 0
0 10 13 49 49 50 0 0
0 10 13 50 48 49 0 0
0 10 13 50 57 57 0 0
0 10 13 57 55 56 0 0
0 52 55 57 55 56 0 0
0 10 13 57 55 56 0 0
0 10 13 53 54 54 0 0
0 10 13 56 53 53 0 0
0 10 13 52 53 52 0 0
0 10 13 48 53 51 0 0
0 10 13 48 53 50 0 0
0 10 13 52 53 49 0 0
0 10 13 49 54 48 0 0
0 10 13 57 57 48 0 0
0 10 13 56 55 56 0 0
0 10 13 56 56 55 0 0
0 10 13 48 48 55 0 0
0 10 13 51 49 54 0 0
0 10 13 56 50 53 0 0
0 10 13 51 52 52 0 0
0 10 13 57 53 51 0 0
0 10 13 53 55 50 0 0
0 10 13 53 57 49 0 0
0 10 13 51 49 49 0 0
0 10 13 53 51 48 0 0
0 10 13 51 53 57 0 0
0 10 13 53 55 51 0 0
0 10 13 55 55 51 0 0
0 51 13 55 55 51 0 0
0 10 13 49 50 55 0 0
0 10 13 51 52 54 0 0
0 10 13 55 54 53 0 0
0 10 13 50 57 52 0 0
0 10 13 55 49 52 0 0
0 10 13 51 52 51 0 0
0 10 13 56 54 50 0 0
0 10 13 55 57 49 0 0
0 10 13 50 50 49 0 0
0 10 13 49 53 48 0 0
0 10 13 48 56 57 0 0
0 10 13 48 49 57 0 0
0 10 13 57 51 56 0 0
0 10 13 48 55 55 0 0
0 10 13 50 48 55 0 0
0 10 13 54 48 55 0 0
0 10 13 57 54 53 0 0
0 10 13 51 48 53 0 0
0 10 13 48 52 52 0 0
0 10 13 52 55 51 0 0
0 10 13 50 49 51 0 0
0 10 13 49 53 50 0 0
0 10 13 48 57 49 0 0
0 10 13 49 51 49 0 0
0 10 13 50 55 48 0 0
0 10 13 50 49 48 0 0
0 10 13 53 53 57 0 0
0 10 13 57 57 56 0 0
0 10 13 52 56 56 0 0
0 10 13 55 56 56 0 0
0 49 13 55 56 56 0 0
0 10 13 54 51 55 0 0
0 10 13 52 56 54 0 0
0 10 13 50 51 54 0 0
0 10 13 49 56 53 0 0
0 10 13 50 51 53 0 0
0 10 13 51 56 52 0 0
0 10 13 53 51 52 0 0
0 10 13 55 56 51 0 0
0 10 13 57 51 51 0 0
0 10 13 50 57 50 0 0
0 10 13 55 52 50 0 0
0 10 13 53 48 50 0 0
0 10 13 48 54 49 0 0
0 10 13 57 49 49 0 0
0 10 13 55 55 48 0 0
0 10 13 48 55 48 0 0
0 10 13 56 57 57 0 0
0 10 13 56 53 57 0 0
0 10 13 49 50 57 0 0
0 10 13 52 56 56 0 0
0 10 13 57 52 56 0 0
0 10 13 54 49 56 0 0
0 10 13 53 56 55 0 0
0 10 13 48 53 55 0 0
0 10 13 57 49 55 0 0
0 10 13 57 56 54 0 0
0 10 13 55 53 54 0 0
0 10 13 55 50 54 0 0
0 10 13 48 50 54 0 0
0 53 13 48 50 54 0 0
0 10 13 48 55 54 0 0
0 10 13 52 52 53 0 0
0 10 13 55 49 53 0 0
0 10 13 50 57 52 0 0
0 10 13 53 54 52 0 0
0 10 13 48 52 52 0 0
0 10 13 54 49 52 0 0
0 10 13 52 57 51 0 0
0 10 13 50 55 51 0 0
0 10 13 53 55 51 0 0
0 10 13 51 51 51 0 0
0 10 13 50 49 51 0 0
0 10 13 53 57 50 0 0
0 10 13 54 55 50 0 0
0 10 13 57 53 50 0 0
0 10 13 51 52 50 0 0
0 10 13 56 50 50 0 0
0 10 13 51 49 50 0 0
0 13 57 51 49 50 0 0
0 10 13 49 57 49 0 0
0 10 13 56 55 49 0 0
0 10 13 53 54 49 0 0
0 10 13 52 53 49 0 0
0 10 13 51 52 49 0 0
0 10 13 49 51 49 0 0
0 10 13 48 50 49 0 0
0 10 13 49 49 49 0 0
0 10 13 50 48 49 0 0
0 10 13 49 57 49 0 0
0 10 13 51 56 49 0 0
0 10 13 53 56 49 0 0
0 54 13 53 56 49 0 0
0 10 13 56 56 49 0 0
0 10 13 48 54 49 0 0
0 10 13 53 53 49 0 0
0 10 13 57 52 49 0 0
0 10 13 51 52 49 0 0
0 10 13 57 51 49 0 0
0 10 13 53 51 49 0 0
0 10 13 49 51 49 0 0
0 10 13 55 50 49 0 0
0 10 13 53 50 49 0 0
0 10 13 51 50 49 0 0
0 10 13 49 50 49 0 0
0 10 13 48 50 49 0 0
0 10 13 55 49 49 0 0
0 10 13 55 49 49 0 0
0 10 13 53 49 49 0 0
0 10 13 53 49 49 0 0
0 10 13 51 49 49 0 0
0 10 13 50 49 49 0 0
0 10 13 49 49 49 0 0
0 10 13 51 49 49 0 0
0 10 13 50 49 49 0 0
0 10 13 49 49 49 0 0
0 10 13 49 49 49 0 0
0 10 13 49 49 49 0 0
0 10 13 48 49 49 0 0
0 10 13 57 49 49 0 0
0 10 13 48 49 49 0 0
0 10 13 57 49 49 0 0
0 10 13 57 49 49 0 0
0 57 13 57 49 49 0 0
0 10 13 57 49 49 0 0
0 10 13 56 49 49 0 0
0 10 13 55 49 49 0 0
0 10 13 48 49 49 0 0
0 10 13 56 49 49 0 0
0 10 13 56 49 49 0 0
0 10 13 56 49 49 0 0
0 10 13 56 49 49 0 0
0 10 13 56 49 49 0 0
0 10 13 55 49 49 0 0
0 10 13 55 49 49 0 0
0 10 13 55 49 49 0 0
0 10 13 55 49 49 0 0
0 10 13 54 49 49 0 0
0 10 13 54 49 49 0 0
0 10 13 55 49 49 0 0
0 10 13 55 49 49 0 0
0 10 13 55 49 49 0 0
0 10 13 55 49 49 0 0
0 10 13 55 49 49 0 0
0 10 13 55 49 49 0 0
0 10 13 54 49 49 0 0
0 10 13 53 49 49 0 0
0 10 13 55 49 49 0 0
0 10 13 54 49 49 0 0
0 10 13 54 49 49 0 0
0 10 13 54 49 49 0 0
0 10 13 54 49 49 0 0
0 10 13 54 49 49 0 0
0 10 13 54 49 49 0 0
0 10 13 54 49 49 0 0
0 10 13 54 49 49 0 0